420301769374869903502554325067
420799049374869903502554325722
420882209374869903502554325326
420926129374869903502554325814
420330189374869903502554305595
420418229374869903502554442764
420322219374869903502554325357
420940149374869903502554388079
420197209374869903502554325401
420272159374869903502554388413
420600859374869903502554325678
420731169374869903502554325708
420293019374869903502554389083
420973219374869903502554305397
420782299374869903502554388543
420570069374869903502550715350
420494579374869903502554516304
420937059374869903502554324954
420126039374869903502554387997
420328249374869903502554388192
420325269374869903502554325869
420751809374869903502554325609
420930609374869903502554305489
420945319374869903502554325562
420305189374869903502554324848
420826019374869903502554324985
420600359374869903502554325647
420315209374869903502554325500
420480439374869903502554388390
420405059374869903502554387911
420604069374869903502550709021
420775759374869903502554387881
420372179374869903502554387904
420708129374869903502554325012
420112269374869903502554388048
420814039374869903502554389007
420463079374869903502554387454
420895129374869903502554325876
420334079374869903502554305144
420314089374869903502554325289
420850149374869903502554305335
420368779374869903502550580378
420972309374869903502554325777
420917449374869903502550712229
420076449374869903502554325807
420606089374869903502554388840
420785219374869903502550715473
420070399374869903502550715930
420917759374869903502554325623
420547369374869903502554325371
420285409374869903502554388109
420303159374869903502550580118
420981099374869903502554325791
420787529374869903502554388802
420405179374869903502554305236
420230729374869903502550710997
420982489374869903502554388727
420939069374869903502550709694
420467679374869903502550716036
420315459374869903502554325654
420958349374869903502554388741
420701249374869903502554388024
420335439374869903502554387959
420973049374869903502554388512
420442559374869903502554387836
420956289374869903502554325456
420838609374869903502554388383
420338109374869903502554325845
420086119374869903502550710362
420980049374869903502554347588
420296739374869903502554274129
420922319374869903502554388901
420330609374869903502554387508
420077319374869903502554324756
420377439374869903502554325043
420100099374869903502550540938
420500109374869903502554324800
420920849374869903502554388567
420347489374869903502554388437
420776129374869903502554387690
420628539374869903502554325531
420210409374869903502554324701
420550759374869903502550713110
420021699374869903502554325210
420329099374869903502554325005
420110409374869903502554325685
420981889374869903502554325425
420347469374869903502554389045
420574409374869903502554387775
420176029374869903502554325173
420925059374869903502554388673
420775039374869903502554387980
420016049374869903502554388659
420060509374869903502554324978
420852049374869903502554305274
420207359374869903502554325616
420103109374869903502554388222
420954379374869903502554388369
420329669374869903502554388529
420900209374869903502554387737
420284059374869903502554305557
420490099374869903502538304347

